2257876
6160250
6074273
3804963
6319154
2465048
5277170
3304688
6133631
6533988
4858844
3924894
5745680
6000284
5944615
6072662
5567689
3304688
5115275
3213776
3304688
5741917
5766593
5489727
6393702
6293055
2000711
2675044
6137230
3590666
3213682
5561700
6014171
6565337
5489727
5355785
4355725
5561629
4103858
3362007
6438411
3362007
5960556
1686259
3995761
3304688
3304688
3304688
2465045
2775033
2188223
2443703
5911517
1686344
5599176
5560459
1686449
6233965
6333276
5814780
5818541
2603099
2540072
6453464
4103864
4630822
6265954
5619773
1858811
6405024
3995761
1858810
1858810
3818981
6438413
2443703
5489730
5655090
1858461
4795308
6401895
2675044
4103865
5992975
5115262
5724381
5567696
6144190
6072649
2770337
5730435
2540168
3995762
6371822
6542933
1686450
2443701
3590666
5560572
5858757
5863655
6901264
2277277
6910601
1914360
398986
761436
1434728
6401098
89937
2372542
1149562
6083045
788784
5131956
6927061
790060
578214
1149562
5299181
5169415
3936356
6441423
311211
6466090
6097601
520315
5674381
2160454
2497038
5639206
4091690
6820522
4702247
3123046
6751370
5412699
1462149
5674381
2039053
6772351
5129079
5385479
6401098
1059780
1554626
6977363
1133582
3864279
950232
4371281
2940406
4581997
4765473
1752333
6822049
6845424
2181385
5122740
5946998
5716797
2394445
761436
4935167
4091481
5783951
4836949
4874841
3212965
2379851
274077
3860660
4874841
6827126
2386620
3391285
3754194
3935496
417430
85460
117018
117018
584206
3864279
1787469
6048845
5315425
5138939
6741826
3123046
6602957
5106456
3936356
3771073
3876091
2679335
788766
6114038
5650258
446407
3239800
849256
6194755
1676103
1538667
873509
316856
5901117
2032789
2956882
6058780
6692928
2032789
6192066
1186336
6769419
6737079
195600
1638387
119051
3452401
461929
1464017
1502513
281209
6699958
1065550
6127906
965028
418876
6927747
816184
2613691
6679277
2100547
5310750
192753
4604743
3652855
884638
5676217
220625
2109684
2408697
6586078
5818471
6959854
6853242
581108
4989177
2498593
6759030
1297741
6812300
6959854
4614305
6961286
6762822
6753804
320356
1456470
4614305
1561872
7095
3609715
6506641
6869318
5016924
1065550
567124
5548570
2730329
423131
2499320
389739
1176532
6927533
1240158
5920874
4632041
6783200
828362
917974
339862
1742198
1969339
4353567
2724496
6664330
6533653
6389253
5690743
5847289
519229
3419796
6912901
6855484
1633927
3822261
752136
2294947
2472600
4177696
209701
1379533
5294030
5650271
6502919
5650272
6502920
6249521
6502898
5184614
5900360
6535146
5650272
5900360
6136541
5364714
1313529
3908257
1313529
6249521
6502910
2808934
6535146
5952417
5562401
5562401
5562401
5567895
5900360
6502905
3333176
6502919
4846645
6576981
4651320
5467551
1904568
6249521
5567895
5562401
5562401
5562401
5364714
3032470
6249454
6576982
5650276
3333173
5837871
2346280
6502911
6249452
3014159
1313529
5562401
5562401
5562401
5364714
1313529
5951972
3908254
123159
3908255
6502893
6502896
6502905
5837867
3333176
6502894
4651323
4651323
4651323
5562401
5562401
5562401
6249521
5562401
5562401
5294030
5562401
5562401
5567895
4785612
6576981
6535146
3333174
6502896
3333176
6502902
3908254
6249521
5330954
2476968
5715101
5715101
5715101
5562400
1313529
5900360
4785602
4785602
4210242
479130
6808243
6094796
542144
6782823
6923236
1153499
2443202
4634133
6353091
3631005
1325777
5745933
3043455
936256
994721
2541564
4459038
5777781
6615287
3962815
4872503
4709651
5881427
5392061
4129326
3631005
6079724
372398
3831184
2589051
2925184
6777141
721747
5776073
6115524
3631005
994721
842121
895061
2815676
4760570
444691
5353747
497015
6154186
2442807
444691
5933720
3417114
1622432
4923716
5728005
2034666
2260757
3043455
3944449
222252
6033355
1622432
4554350
372398
2335678
6375840
5285637
1542612
1622432
1004408
1453975
5096557
6495798
893749
1162751
1193327
5740864
444691
5488174
5024759
799929
372398
5628976
4634133
928675
4477818
994721
6943255
2442807
3631005
29928
4991568
6479974
3082567
6838097
4082029
5690421
222252
3738448
6727189
5467544
1773526
911151
5774158
4185376
6114457
1783875
2131921
4423921
5007745
5475184
4742167
3905847
5034351
2093196
4558578
314441
6581742
2325597
6945036
257754
6585023
740898
6292627
213910
6581442
137618
1366884
6610767
3632477
912417
1466368
6395290
928181
3866180
2747006
3461943
4988340
6923995
6680949
187870
387441
1888590
5570709
1158284
2288875
4797144
6050179
2226947
25819
2275285
1421485
524398
5358270
5373777
6036754
364006
6019496
5362295
4560533
5129760
4169496
6871398
2479421
4666072
6765309
4891310
338866
6760963
3821766
6896756
5816453
6918135
5264494
2276236
5515114
5129197
5918475
107033
6693149
4408068
4493932
6055640
6576480
4825115
6792918
4852962
520355
2616076
6971779
4582095
5881421
5315262
2246094
6813440
6594913
1650172
201756
5531876
3027395
4152608
3872150
3202619
2451677
627966
6188791
2387480
6485378
4102386
237306
1534476
255773
421571
4173775
625843
1135157
2188509
6562671
5997627
2434569
248369
137312
2237430
761935
2378278
9000
886148
4114368
275971
3415658
1317503
1728165
2449789
112749
2294595
3872150
645140
5477693
2835800
1607243
1264229
66134
5358767
4435058
609161
3564594
255780
5296932
4073972
844014
3152352
117536
1204787
5773473
374210
1818259
539511
325423
3426129
1099506
3780322
485205
4361102
5180715
5840241
5433927
4398598
2650191
741104
71846
2463958
818362
3928524
5484785
6323618
707599
4880303
6405599
5530441
3005291
2774464
5274247
965423
538039
6417135
6613548
2513233
5061679
6721390
5051291
2449866
3853997
677257
701257
1938419
1978452
2583962
3945101
1348813
6405702
6088708
6510195
199229
332353
478241
800115
149503
6127486
149454
149537
1345977
253957
5975615
6088708
320294
6672542
6285463
6730514
5826130
5107373
1525344
6449446
1601392
5529668
5529668
1632805
673005
4077648
4319991
1601392
1601392
183210
4319991
6285463
6036834
5159387
5975615
3775942
4544801
2544803
343413
6298015
404758
2544632
6547854
4319991
2483269
4319991
4795554
343384
5826130
200049
3218311
4795554
6203291
6088708
270150
6672542
6546079
5975615
2262092
5975615
404758
3218311
2262092
4036780
6698374
1601392
4319991
200049
327826
4319991
343414
6672542
5924521
1601392
222562
4367635
3595743
6390431
5140265
2544826
1103154
6303089
3207124
5425676
2419780
6554802
2544803
6127440
6554797
602309
3207124
4427077
377714
270150
3028278
3102976
1222584
6738305
5622405
2063075
6245606
3136072
3415684
3179685
6444346
6733717
2903653
1728134
3010261
1560253
5708680
6187839
4780328
5946228
4516280
3591620
2745981
4925471
4105217
4413789
3546464
6822215
2273860
6249141
5087549
1985344
1689098
2312465
6394871
1304769
6910426
4760817
2442258
4880969
5556555
1725333
4305763
5763523
5264606
911072
5888098
4615182
1512284
4824478
6064482
2701106
4920719
2470701
5858227
1096099
6236252
6077412
4265014
4289567
5394171
5643298
1833478
1556864
1484493
1168533
2352439
3495332
5857021
1172019
5765868
1129967
5917593
1163842
1506396
1260388
2100675
1862900
3725134
6104697
3887256
5635826
1682750
3607691
5587050
1658562
2675104
5562963
4982799
1705327
3673752
1330538
1858734
5237420
4632170
5694284
1033163
6409106
549545
3218243
2687488
1079909
2413059
183409
183409
183409
314545
853541
853541
85526
183409
314545
809616
314533
85526
129070
314545
853541
183409
314533
85526
853541
314545
85526
183409
314545
129070
314545
314545
314545
129070
853541
853539
314545
314533
314545
853541
314533
314533
314545
853539
853541
314533
314533
314533
809616
853539
85526
853539
183409
853539
314533
853539
853539
314545
853541
314532
183409
809616
809616
853541
314148
314532
853539
314533
129070
314148
183409
809616
85526
853539
129070
314545
314533
314545
853539
314148
809616
314533
5379254
129070
314533
809616
5379254
809616
314532
5379254
5379254
85526
5379254
183409
5379254
85526
85526
85526
5379254
314545
314545
5379254
853539
809616
183409
1270652
6460238
1270652
1270652
624626
688812
5224878
2616133
5505674
735624
3206437
836118
6434540
284112
764706
992449
525393
724244
2281965
606561
4734064
2871546
1658195
1780554
5301294
3291554
3627267
2084978
1958216
4700953
810011
4379662
4944134
2437933
2149535
655200
672282
484439
3973339
2321018
1470530
5584057
617333
5671978
5773473
831128
4863056
2477001
2341419
2946417
2182085
3854287
223580
262953
789682
218173
1458518
4419692
1345713
181320
716438
1847451
4546189
1967978
3898141
345957
667137
3436290
3217835
198410
537188
4980382
1434034
3247366
4117812
6114942
866792
1751010
4766894
4038569
2907427
5516640
6571098
5240916
4231826
647317
1211344
1182178
466855
3699348
893038
949343
1188339
272339
4694343
3978387
4441671
2352847
5668734
2621737
993532
2069866
691988
2914163
6545802
5705466
1618765
3166562
5151038
1414915
5171923
584181
438048
2992449
6824871
667320
6761282
54515
3915135
574595
5027266
6286471
2221965
3096767
2837990
1436956
2445109
2323280
4479142
2761435
2188850
6544146
2255594
6079999
4991079
6005222
3621201
5805088
6708138
2445109
3974699
5144505
5963111
6005222
6447870
2445109
4982029
4499712
3006488
1087238
1748057
2578012
2529302
6928628
6928628
3727215
2669004
3113821
4276786
6928628
5805088
5143005
5984910
340339
6096960
5963111
4276786
4028784
5276656
3974699
2767106
4991079
1219716
4276786
5155488
2323280
6947328
6959045
4735534
2255594
2255594
2275804
5203713
5203713
5963111
6695308
6959045
6096960
5203713
5203713
5963111
4932238
2369121
6986523
2074628
4867874
4276786
4932238
6460585
3555615
2767106
5065615
5963111
5117698
4276786
7023797
2446124
6951771
6807725
4276786
5007563
2539512
4276786
6375956
6883810
4276786
5203713
5203713
6595606
3341905
5634670
6680639
4276786
4276786
6965249
3024909
895507
1157327
6628643
4889709
5051333
3045705
1010050
321364
4494650
610435
1219310
973562
1271026
2137588
503322
671380
928907
6350442
5521161
515677
1882936
6170792
4099476
6580855
428715
6620982
5950531
2826017
753324
6783056
4948857
809299
4242629
5160888
4801716
659216
4211274
3662155
6953996
6875488
3690457
5002866
6683836
549173
4090174
4956373
4070685
2938378
4528598
4219387
4813778
4447826
6263888
3878895
5958298
4324025
4445202
1697715
5681191
6437462
5117800
6684999
1252436
4414338
3978780
744176
516406
1024095
6697692
5843211
2414240
5828733
4497788
4423046
6362140
6798681
4939214
3269321
795744
1284956
6542362
3959688
3474352
873960
1036360
6340283
2032553
5861681
2282571
6923559
4037767
4966593
6481479
5273862
2177493
1562588
1753849
2253454
4361571
328272
3882053
4302680
3736786
4548696
4555499
1022833
556345
2469827
4053795
1928012
684551
2488815
3562522
986374
5605907
136991
4231717
2234181
3548180
1247115
3927257
5860401
2569061
2710052
4319078
580322
4993646
5097951
5346574
4054489
4118179
1412800
863376
2462004
3568713
4969160
2525922
2606323
3568841
3808437
4743081
5572310
4132658
2528573
1674399
2486598
2581995
5299114
5588455
4505334
435358
2469270
3023623
5074509
856063
3075192
3221145
3105764
2488815
2129614
3203610
3322936
3514408
3097975
3456403
2488815
2717204
3200164
2301326
775716
4968971
323034
4319078
2717189
3390860
673590
4520165
1929620
3307373
3881909
4808235
684409
3798823
2822919
630778
4247643
643422
1263156
3098210
684551
3881980
2029955
4867320
3272642
5572464
4211128
5191751
5018705
4764631
2464023
287059
291105
287059
786110
4474086
786110
1450365
786110
3629584
786110
3629584
786110
291105
1450365
4474086
1450365
1450365
3629584
786110
2317380
786110
291105
4474086
2317380
3629584
2317380
786110
291105
3629584
3629584
3629584
4474086
3629584
3629584
3629584
2317380
3629584
3629584
786110
4474086
3629584
4474086
3629584
4474086
2317380
4474086
2317380
4474086
4474086
3629584
3629584
786110
3629584
2317380
3629584
2317380
786110
786110
2317380
786110
3629584
786110
786110
3629584
786110
3629584
1450365
786110
1450365
287059
2077723
4474086
4474086
287059
287059
3629584
3629584
3629584
786110
786110
1450365
287059
291105
2317380
786110
291105
3629584
2317380
291105
2317380
4474086
4474086
2077723
2317380
3629584
3629584
3629584
2317380
1450365
2514724
1912329
1912330
3467673
1912330
3860485
3548357
2879799
2560437
1194191
3548357
3860485
1194191
3548357
3548357
2968664
1528375
1912330
1912330
2560437
3860485
2968664
3550568
3860389
1912329
3860485
1912329
1194191
1912329
2968664
3860485
3548357
1912329
3550568
1912329
3860485
3548357
1912330
2514724
3550568
1194191
3550568
1912330
1194192
1912329
3860485
3550568
1194192
1194192
1912330
3550568
3860485
3548357
3550568
1194191
1194191
3548357
1981898
1912329
1194192
1912330
3548357
3548357
1912329
1981898
2514724
2514724
1194192
1912329
3860389
2514724
1981898
3860389
3860389
1194192
1194191
1912329
1194191
3467673
1194192
1194191
1194192
3860389
3548357
3860389
1194191
1194192
3467673
1912329
1912329
1194192
1194192
3467673
3548357
1912328
1981898
1194191
1194192
1912329
6954643
6984817
6804398
6426190
6941662
2347114
3816526
3816526
5293824
6930697
6628850
3816526
3816526
6987672
2347114
6806897
5608920
6495254
4974070
6839570
5950872
6899607
6165119
3816526
6005320
6753971
3816526
6879253
6963958
6495254
6890774
3816526
6824036
2347114
424545
6716261
424545
6495254
6716261
6890774
769712
6005320
6628850
6859751
6123500
5532906
424545
424545
2347114
6979553
3816526
6628850
1243369
6860838
5608920
6165119
5950872
5293824
2347114
4706810
6495254
424545
6495254
4706810
424545
6005320
4706810
6552938
4706810
4706810
6983541
6439218
4387805
5851048
6165119
6123500
5851048
6701189
6937290
6548521
4706810
5658388
6983541
5658388
5683527
6439218
424545
6994277
3769656
4706810
4706810
424545
5683527
6879253
6470330
6927334
3769656
6165119
5658388
5683527
4320089
4257375
6531119
3657173
4949594
4863345
4930685
6403237
3555619
4577882
608279
1419936
5075381
6035981
2689873
2273713
5140881
6757046
2037809
5120656
4796725
1394008
6646401
4735424
4017222
6900307
1866186
4350701
4111453
3330519
5229230
2999153
4393817
5303822
4303311
6199010
3708741
5410813
6231001
2429451
3237928
5035619
670691
1743570
5707915
4678507
4098610
6793948
5255842
4863271
4451690
5189709
5545718
3793629
5328229
4525384
5305944
6834665
5187024
2044191
6812482
835059
3306392
858346
4633003
5291348
6008142
4150172
2832393
1486388
1772071
4346059
5989340
4557430
4323950
1566309
5224333
548624
3782142
5605651
723593
5279552
5471588
4687296
4496272
4662656
1004272
950830
1798026
1137949
3531157
5390937
2659329
6751638
3738719
2888778
6842563
5793889
5202554
5039616
812280
3390097
1504734
4119285
2028831
6419270
5550829
6812536
1504734
4231811
5509918
3099010
6750546
1404971
3559336
6431970
5626968
3315419
5664640
4058714
3186889
4672962
3953840
3456469
2622375
3953241
986533
1902906
2205725
736804
5664640
6621531
1414106
677614
992824
6750546
2873527
4458667
1504734
5271879
3147118
1098865
2750818
5179205
4356515
2434892
912914
2239950
2930474
2664753
714005
5835335
2267183
6215585
6496045
4065367
3093032
812280
6243307
1191611
3236100
1483735
4539068
5626968
3236100
616475
4386931
5550829
2940454
3093032
5738251
2861867
3683515
6463255
2108248
1319129
5702684
5550829
2991991
6437036
5032641
4700062
912914
6553665
2102037
5578545
2316628
5631314
912914
2099662
4129161
5032641
3093032
6165043
912914
6437036
3587037
3559336
2539390
6832546
5753912
535021
5716768
6832546
6965461
1194355
2441078
762921
4427081
4786296
6460766
4167550
1289178
5487278
3378770
4819741
530228
132867
5716768
1031175
3762121
3677002
871664
3660780
3788392
5218620
6925161
4295152
1762722
1961445
4276229
2854755
6812102
6703277
3810261
471595
1718153
2122995
5305316
6011192
5318557
598577
1772407
2543483
2676607
6390565
5782350
4671522
5584531
6285980
4936463
6775776
6210332
679789
5187212
6030146
5448059
2467641
2624100
4252746
640255
4251539
1033128
5309242
3642947
6618335
6549385
6508231
3458872
1092114
598005
6657830
4315630
6808790
5209484
119310
188588
5371674
4655442
6200702
208500
5729259
6621830
2964091
987627
3972885
1379805
2234325
6716950
3316517
5723742
800028
6639005
5348068
1632020
6600663
2598190
6618335
3543031
715728
220826
730856
784854
715728
715728
715728
715728
791309
715728
715728
647241
715728
715728
715728
686359
711654
715728
181402
376575
715728
577254
711985
715728
715728
794
819
711654
715728
711653
711654
711653
819
715728
819
819
794
715728
715728
819
819
819
794
784854
819
711654
715728
711654
802908
819
148310
794
819
647241
647241
672338
148310
521407
657179
784854
297793
715728
711654
715728
715728
657179
657177
220826
560159
715728
676233
805945
140616
657177
577345
704758
927009
657181
655597
715728
560159
657179
927009
225943
805994
639294
577345
387391
387391
794
657181
695998
376575
927009
657183
387391
852383
672338
387391
927009
5295387
3080085
124240
3619226
2524432
5549691
6902834
4324532
298173
1690144
4665018
5674425
1048108
4363029
2270063
6132009
4392417
2781935
6801455
1938282
4787265
2764434
2320335
5683579
4362983
6303525
6533376
5944987
1748884
6052609
4291337
3759179
1474401
2274585
1282650
2712703
6011081
4818410
4329835
5755993
1217770
735899
3076069
2659105
6720353
4514243
5538861
2934078
1938285
5907498
1992941
2389368
697778
2546193
5488551
2385816
6302073
4396879
4061033
6102322
6756029
2234187
6958975
2123365
6293483
5704470
6558352
2558358
4107170
2773820
3543818
2903621
3979034
5188466
2745019
4669900
6553499
5691807
3167482
6533470
4061001
3223926
6470510
6134205
4104166
5620681
5943132
4858150
4314951
6247415
3173139
5427543
4313580
4072587
6059450
2992133
5176721
5148023
6752165
1381262
6536280
4203443
1855890
2582352
2799564
2799564
865742
3367783
1855890
3611089
196608
2799564
632181
2799564
3611089
2109726
1307209
1307209
1307209
1307209
2109726
196608
5668660
632181
5115482
5056376
1307209
5668660
1900142
5115482
5498129
1855890
5115482
5115482
2582352
1855890
3690328
5056376
1855890
2582352
2582352
2582352
632181
4367338
3367783
2799564
632181
5115482
865634
5115482
3611089
5115482
2109726
1855890
3367783
4367338
865634
865634
865742
2231675
4367338
4367338
4367338
4367338
3690328
865634
865742
865742
2109726
3352103
2231675
3367783
865634
314166
865634
865634
865634
3367783
4367338
6306695
596650
4367338
6306695
3367783
865634
865634
1598936
865742
1307209
5276429
1307209
2550914
4102746
5276429
634989
865634
314168
5056376
634989
2063727
5115482
6196201
4034337
2271487
2129613
5226150
3582752
5226150
5226150
2129613
6333273
5226150
5226150
3582752
3582752
2129613
6382143
5226150
2129613
2129613
6382143
6333239
2129613
3582752
6382143
3582752
5226150
3582752
2129613
2129613
3582752
6382143
5226150
3582752
3582752
2129613
5226150
3582752
5226150
3582752
5630642
3582752
5630642
6382143
5226150
6382143
3582752
3582752
6382143
5630642
6382143
5226150
2129613
2129613
3582752
5226150
3582752
5226150
6382143
3582752
5226150
5226150
5226150
3582752
5226150
5226150
6382143
2129613
5226150
3582752
3582752
5226150
6382143
5226150
5226150
5226150
5226150
6382143
6382143
5226150
5226150
3582752
3582752
5226150
6382143
5226150
6382143
5226150
6382143
2129613
6334513
2129613
6382143
5630642
5226150
2129613
3582752
2129613
2129613
3582752
5226150
5226150
6382143
2341602
6568407
4546679
3297906
6587941
5531914
6700982
5774228
6258905
4655452
5531483
4525356
5734238
6485890
3540778
3850241
2894632
4860321
1389979
2943073
1075525
4137662
1795458
615686
4318138
5780543
1353003
1009827
3460225
1029676
2341602
2377744
5323971
6210787
5661120
1640158
4624006
2341602
4525356
5620437
6055545
5897147
5049296
5525244
2228812
4029651
5055782
4805780
5047421
5834690
3939719
5047421
5135204
2035561
2894632
841286
6304996
2595293
3577124
6210787
6390007
2341602
6590387
3247606
6644643
2246806
3267616
1389979
575206
3850241
5045116
5307263
1501164
5960462
2973979
2595293
4623937
3652265
6037265
4225566
6098371
4378578
4165649
3247606
5152680
6928743
6101452
2222194
5814332
1141342
2035561
3939720
5509918
6392410
5834582
4256838
3999929
5741160
1640158
2568791
2304002
755780
4525813
6919961
1777922
5983919
3788079
6918659
6097861
861888
2110736
1985005
2328710
6964267
4911274
1607770
3790561
3160348
6015050
6698881
6207017
2420238
6356271
885436
6829386
3092150
2449991
5805359
936601
1241992
4605489
212227
2571007
1272432
314389
2423882
2077473
529949
1598423
5540462
4791591
6323346
6606244
3734432
5885082
6704244
6838164
4868819
3319334
1739495
4163983
4711256
6155933
5154953
1027238
3183752
907958
5449691
6549854
5252354
3685972
798582
4331511
3122854
6051354
6533180
2165224
6287751
5708970
3607869
6433175
1139528
1654276
4072776
1614599
4484910
4032992
6263124
2520081
6918979
2522124
6598418
6914359
6554085
1186155
1237592
6709295
5178068
6516850
3372649
6821216
1308613
1880753
1786339
5280562
3931909
6987360
5484363
1179700
6554795
1018070
1126212
3841524
4368141
2352595
2048632
717712
1152002
1842073
1757317
5068469
5506283
2005417
442595
1100648
2478724
1641781
2479476
2346545
352594
5216511
2152829
1896277
2232649
5600275
731533
1059842
2005417
1939129
5126058
1928657
1842073
4339101
1757317
3610732
1017923
2725096
1365806
879141
5216511
2346545
920173
5114691
351902
352030
1904213
1730085
2427797
1558255
352001
1321879
1775962
1611915
796772
1365806
4902802
731535
351945
2389568
468190
2678794
1733679
1757317
278500
1126209
4670989
796821
4670989
936787
730083
4091504
820667
731535
2785333
2312910
920173
3405554
3610732
1775964
796715
1126212
1321880
1667999
796821
730083
4339304
2419841
731535
352734
2346545
2419841
2363765
2363765
5126036
1750396
3021342
352594
2731441
1275757
4693628
536924
3172342
815191
4614180
1320473
815290
875431
1195419
726322
6187204
1195497
4777688
792536
1221453
849131
4072827
1128679
630886
2232269
4295152
6041887
4952971
1465051
4627232
1465051
2909236
5601621
4216376
2043881
2023023
2059921
1200700
2059919
6317710
1803584
671690
2718319
298180
5866450
6435562
1921748
4952971
1912654
4217214
1118594
680056
379229
596514
1714625
1732133
4445869
2783438
2323415
1195409
3734349
1440776
536930
669386
681298
4395985
4293003
4395985
4395985
681298
536930
798938
5842311
4627232
4445869
4445869
1224928
492386
1224928
1224928
1224928
4777688
4777688
4777688
298168
658493
6622978
6187204
1122959
2878497
5231056
1421582
1195417
1200720
1195523
2585040
2354772
849131
6187204
2775911
6041887
778074
4201980
1200719
2671017
241549
5522586
352595
1990782
5844137
259466
259469
2308855
812262
1957662
1895932
3616767
1524365
145840
782482
1176035
392118
6739826
559337
2229122
261090
392118
352792
16767
1174837
796775
274843
559308
3737912
5116199
5372087
6106194
2231508
442675
442674
16767
3468985
783177
6497594
352989
278515
1721339
6111757
2186191
4436347
278423
442653
274868
6935110
6996118
865816
444123
6139930
352699
259839
4293787
536836
1836199
278448
894270
796643
6618421
2548888
147752
352628
268041
1895939
6821616
6739826
274832
760163
352603
260927
351941
1070821
259861
261151
6848592
199328
684788
2251989
1327399
2809340
352944
1193839
352576
986206
194939
531880
6112123
351978
6994038
3276368
5320532
274731
4164974
380062
796766
2219951
5681291
5824000
5824000
5824000
5824000
5266365
6485314
6525315
1075984
3836742
4037391
6376283
6711586
434817
6761918
6770496
6829389
5673138
2175781
6787506
1184482
2888081
4719710
5605700
2439344
148230
3343773
4924661
5383835
4447906
3919670
2202969
6501078
725530
1846163
5972849
818911
1270412
2923118
1188366
6326875
5397892
2342367
5586096
3919690
5970953
1465813
3452972
6096778
2922928
4226016
6310823
1464406
3949052
3380685
809577
1719593
3223581
734445
616361
5831564
6050178
596927
4370454
3949142
1943073
1272766
3049646
5398493
5163876
3885704
1264140
1933349
4842769
4575227
4332085
306712
6327288
5509789
123125
579515
3169314
312385
1796225
5355877
1213568
2172847
1418767
1010189
3614118
3792841
3880774
549611
2352520
5019993
1568436
4331099
6075006
1418768
1479620
1418784
3066900
679867
6485314
6222459
996571
1379629
1195376
1521237
5455855
596900
4525484
4985760
312125
4594564
826271
6541650
4716162
4785972
948280
2326866
1943631
2171737
563986
1101686
4431661
6946385
6612223
6607021
816095
4153900
2103945
6837693
6946385
6946385
1746631
1049134
1902479
3904447
4851974
919019
4865580
167542
1042096
1364940
1030532
756407
1990636
6859913
2440983
844459
4581778
1775924
892766
476927
1073531
3487221
2627836
1761390
5522676
844459
465963
6865701
5178558
6448599
1181666
2240311
3028851
4335902
2570958
1761390
2541208
2366373
6608397
2325333
1603840
1989544
793156
2354543
1219318
799219
3028851
2440983
3997161
4337701
227604
2506235
206432
6612223
2196362
428440
691066
669115
2949622
615200
1177892
2325333
2506235
3336888
1212639
1340265
563267
465963
1049134
3900091
2775349
545858
1463027
1340265
2541208
2766157
202986
1409018
733336
6526543
1433244
3821487
281041
1002097
476927
1795494
2113657
3390860
3617243
4245665
3075291
3507676
3357670
5741885
1539765
2129561
5992806
2578262
4125575
2684629
3754460
785709
5738481
2840409
220123
3187399
4630002
3695842
1779315
684409
5717364
2417522
3373795
2480384
5572282
4061839
2503713
325945
3577093
5858945
5970653
1302212
5566804
4110451
3124087
3967326
2905294
5918182
5741885
532686
1920488
3187399
3613056
3075192
630778
4785083
3351330
661542
4009625
4251636
3076303
3583087
3827288
5738481
3577115
3080072
5572309
4733532
673590
4044160
2417522
3700480
3123269
3817936
5430392
1986633
4006335
1986101
3881909
4136161
255408
5738481
4737835
2684629
4061839
4006340
603209
3589591
2488796
3385087
2488815
3846731
3273915
1231840
4133318
4006335
3470783
2592140
3074949
566704
985941
3088161
4314129
323034
5367123
2970547
401989
539587
849346
1356243
1416586
849346
401989
401989
401989
849346
1637266
1356243
379961
576852
1416557
539587
1637266
379961
379961
401989
539587
539460
401989
401989
1356243
539460
401989
1416557
1416586
1637266
539460
1356243
539587
539460
401989
1356243
539587
401989
539587
539587
401989
539587
849346
849346
539587
1637266
539587
539587
849346
401989
1637266
539587
539460
401989
827560
539587
539587
539460
1637266
379961
539587
539587
401989
539460
539460
539460
401989
401989
401989
401989
1416557
539587
539587
539587
1356243
401989
539587
539460
401989
401989
1416557
1356243
1356243
1416557
1356243
401989
539587
1416557
379961
379961
1416586
401989
1416586
1416586
1416586
401989
1416586
401989
379961
1416586
2144356
4050434
6926293
6718083
5586864
6940548
2826068
5631714
5958912
6026096
3625138
6863285
143542
2682523
6609480
1724562
195430
6784408
3728174
3500061
2987283
6895183
6574519
6907280
3386247
6846749
6663953
5826107
5493662
6914715
6912343
1211851
3167387
6850613
6983432
2262592
1622131
6983026
3405493
1960445
2190968
2055639
2308666
3495382
2234242
137704
6431955
878122
6980107
6797623
5603335
798077
6934832
6904704
5605029
6988287
4114070
6911899
6974774
6130074
6616630
6797014
3839609
2299257
2599164
5327825
6802022
4607848
1282725
6957772
6956786
6932259
6899785
4478627
6979543
6963900
2981997
6597278
4322900
6982097
137925
6980107
6995730
2362635
368726
6992449
6567404
6920302
4794410
6678548
6890405
6759837
6692025
6544938
4768177
4707846
3018079
6914715
6692025
6941136
1965496
4507632
2186176
4992660
4379547
2874360
2161367
1483586
2408056
2463556
4025038
4054815
5551666
5207844
957072
3681266
3397676
1204639
4593937
569244
3009666
4487578
5222521
1397857
2884240
4193730
975468
3705346
4931840
1151100
4139588
2782536
3358000
774286
6387886
2850066
5557276
683684
1049943
4415039
946426
2132344
1809510
5650161
1280084
243937
3928704
3456451
4330966
593991
2882922
1876458
5857054
4998038
5096742
1834671
414481
1463708
4139967
3326920
2964662
1900035
2273387
1421614
4333832
1952682
6583601
3362633
242783
6286827
6252111
3282384
4231980
2198866
6563506
6796610
3040400
3750241
3594449
6881342
6169948
266565
4858681
3594668
5927604
6257058
4782376
6558526
5098603
6501881
2251708
4034240
3971933
6647267
2691679
4299664
3077943
2976794
3080026
3582881
3592988
4696114
4316881
3077075
4359802
3882067
2081669
2461223
4142512
3595139
6170434
5459207
6534024
6009010
3593149
3583173
1225774
6080736
4143597
4337447
2468926
630548
3980820
5148259
5981124
5324893
5537816
2768753
3111395
4461868
5731389
3589142
6976364
1867291
6184036
6080702
5782935
5563014
2924015
3357694
5622696
3825278
2976791
2944474
5623975
5018712
2901426
785527
3948141
6332076
3075212
5622810
2360837
4658067
3578725
2626659
5684081
3361838
4443009
5459999
2592093
3216103
2733457
5980696
4858674
5979382
931644
5883521
2423859
563986
1177892
2103945
1808691
563986
1647294
378844
498646
3881433
6837693
3842616
378844
1220205
1442830
5212670
1220205
3703492
434226
1698443
1647294
202986
2508696
615200
2171737
3028851
4851974
5212670
4153900
1745371
5687041
1731924
4153900
1990636
6837693
5575857
4164219
1989544
1130429
1745371
4709959
428440
563986
1591190
1273484
1587524
329649
4153900
4800211
1186215
3366858
1902479
1713349
800800
1352555
5640370
654153
2506235
1463027
1895342
431454
2651164
4942917
793156
3997161
378844
4436571
2176474
5446128
705831
4313338
6922100
991626
375243
4306836
361688
2354543
2651164
2364131
1219318
378844
1698443
206432
919624
4436571
4223143
2506235
6607021
1547544
1731924
4153900
2362306
6837693
2433152
6607021
1463027
6837693
4153900
4681078
2960423
6869181
3579264
921441
4281635
2681276
6777770
2632731
5707876
6892626
2155724
3596436
6943090
4399114
6070623
2342320
5735928
2816295
3011088
2615798
3756007
374920
5630340
3253427
1803847
6948743
6654222
3739390
7011595
3101672
6980974
4995957
6000869
5242894
6984470
4293937
3215914
521047
2114556
379443
6770940
3578797
6648555
3019000
874423
3460437
5212740
2880569
1720946
1184217
6949660
1618533
2926541
826363
5997856
698123
3463039
6962682
6964879
6873839
4539396
5970157
6814076
354361
7004306
6738648
6929199
6725279
1391163
937736
4661668
3278034
6905864
6941167
2254716
6985484
631887
4911247
622747
6917610
6896101
5677282
1178484
6845333
653156
2707721
6915236
6946607
6860585
6125023
6770884
6969049
5091961
6843853
2449918
893797
5828022
236503
6616903
1088324
6937142
6798628
6979918
4067359
1750483
2682167
580015
1821212
2423054
6888847
2143994
2621813
4373454
2327767
320957
5451565
4221413
4340585
6920380
2758054
320961
5837869
3858875
1638472
2476546
4129096
6196216
1983250
1256294
728992
6690772
6267140
4081023
309474
6501592
5344562
2509273
1573116
1608080
3526564
3908257
3138879
1399821
3881169
4882316
6196200
6402023
4275106
5169223
1384375
1839746
6700434
2661634
3198776
420554
1066874
4530503
6249521
6502910
754028
2595696
2087831
6985262
320954
320959
5635717
320945
3198776
913522
1331446
320958
1265011
5401156
6690772
6238561
6641034
6460900
6400582
1980765
2622834
320955
2883148
2682167
3165446
2822025
2622727
4198179
4008974
495826
6361556
4350264
5252939
4694648
3268369
980921
396736
701002
2061422
5840474
3189720
382786
1627830
933746
6686350
2370567
1793340
6947387
1477145
2205034
2691070
2738437
3389007
6132538
6092860
3762854
404449
352983
89263
149574
3274144
238279
5400282
3837571
5783535
3525905
6767611
157727
6337695
2116982
5247396
874505
1668212
845848
3849069
576730
5329187
2366518
4519274
6188001
5288339
352952
6676607
4762155
6949418
736599
6281811
6372352
2056085
6872221
190582
1638387
1136348
5430110
4743036
6588987
352028
346939
1764421
3261845
6714966
5701379
38768
515477
5330790
3940047
3940047
3940047
3940047
3940047
3940047
3940047
3940047
3940047
4315272
3939722
4742011
4599851
3941207
2544248
4315271
3941207
3941207
3939716
4303859
2544248
3939716
3939717
3941207
3941200
3939716
3941205
3941202
1696720
4851371
2544248
3939723
3941207
3941207
3940050
4315271
3939719
4303859
2544248
3940051
4315271
2544248
3941207
2245078
3262558
3939716
2544248
2544248
4133299
3941207
3390877
5974180
2773896
3673636
6562771
4432599
6478762
4250976
6404612
6158061
6959478
3791663
5812817
4021984
5360559
6818791
4740538
3767996
1448452
1931594
6321182
5179593
3164476
2207929
4606221
5902423
6604543
6264643
5245974
4718212
6968717
6467255
2931005
6774233
6841848
2054304
1086136
5672230
6333311
3710005
5613102
128702
5333349
702056
4759810
986678
2624601
155811
6691654
3660717
6964803
2931349
4550807
2053291
3662500
6176669
2528921
585388
4785428
6195268
6572423
2883786
2528634
2737592
2811151
4208835
5916327
6734790
4763898
6824837
6901575
3219835
5893591
6762084
6901428
4628239
1916348
6652000
4703144
6855389
6621268
6436554
6390470
2468700
6691379
6095228
1823883
6531101
6987472
5991359
6955632
5765716
1067679
6633685
5127297
3225331
6368016
4624923
3502405
6786042
6296400
2688383
1066752
2288630
3047183
3679493
5722756
6118226
2574431
4342554
2581572
1958499
2987714
6332829
4534832
2664400
2966617
427700
6757829
6790686
1365983
6671387
3047183
3277840
6226128
3032054
3277840
1181463
3696792
2688383
3134825
3032054
6803166
4713939
5617075
6776990
2511617
3195705
3696792
967342
1115516
2814097
1230953
3323141
1833930
2494219
5158834
2688383
4405031
5118324
346333
4948360
2275566
2143994
563022
3125991
778086
849873
4534832
2163834
3327878
3047183
6118226
957586
2814097
2254312
1869009
4104229
3723084
2688383
997063
3047183
676041
5346525
1980762
796075
2033233
6435013
1989641
738395
678619
6621839
2642830
2417341
2530246
2871464
6601900
2827635
4059752
974364
4793562
6555943
3524961
273228
2398061
1521624
6776990
1499714
1992905
4988101
6001384
4096026
2993191
4144027
5906948
3737859
5218872
3079999
3143986
2644567
6746646
6326460
5560452
5787979
3923405
4446014
3577499
5562031
3750197
572107
6583133
4666566
1552581
5440194
623721
3313821
3097421
6705830
6900881
1584344
6645435
652508
357647
3244277
2839977
195815
2765471
5638897
4254180
5354886
607061
568874
6795216
5907963
3331220
6591624
5281731
3428597
6853955
6005474
6858872
1711096
4891882
6964388
2763508
464458
3714441
4892722
2925918
2426313
299195
6231351
1783475
3667370
1286334
3964980
6984136
390431
6333215
2651991
2080390
381763
3601372
535643
501309
1224014
5174876
2806546
474604
232688
6663303
3236872
1796370
1296374
4985912
3523230
866316
6122686
6880470
5866905
1948862
5127474
4677075
4894744
6210992
856296
6540209
578859
5581742
6520214
5331127
207035
5815424
1662854
6576275
1079333
4880477
1629972
1514953
4243353
6650195
1572438
6940342
5839894
3100129
1124335
3099496
5668582