100000715
100000726
100001768
100001780
100002741
100002743
100002749
100002754
100002762
100002780
100002783
100003700
100003725
100003743
100004705
100004721
100004730
100004754
100004762
100005725
100005737
100005740
100005770
100005778
100005789
100005790
100005795
100005796
100006758
100006766
100006767
100006777
100006778
100006781
100006783
100006784
100006792
100007703
100007707
100007712
100007714
100007717
100007729
100007746
100007747
100007768
100007772
100008729
100008735
100008767
100008780
100008791
100009709
100009720
100009723
100010707
100010711
100010715
100010721
100010730
100010736
100025732
100374714
101002726
101002783
101002789
101004700
101004706
101004707
101004708
101004714
101004718
101004734
103003760
103003777
103004710
103004779
103005707
103005753
103008707
105002765
105002792
106004734
106004761
106005761
106006701
107002703
107004734
107005752
108000748
108000789
110003739
110003744
110003768
110004722
110005707
111004705
111004727
112003752
112004798
112006702
112006720
112006753
112006776
112008741
112009721
112009724
112009770
113001784
113005781
113005782
113006717
113010705
115002720
115002730
115002787
116001747
118002727
118003734
119002754
119002760
119002764
119004747
120004716
120004723
120005714
120005779
120005780
120006757
120007764
120007773
120008710
121004770
122003739
122004766
122004777
122004784
122005722
122005790
122005798
123000749
123001766
123001782
123001796
123002739
125004705
125005758
125006706
125006717
126000703
126000705
126000709
126000720
126000721
127000766
127040777
132000744
132000757
176000704
176000711
176000712
205000748
316000705
316000708
316000718
398000713
398000731
398000740
398000748
398000759
523000705
523000716
523000776
523000777
527000725
619000712
619000721
619000735
619000749
619000760
